11 35 3
15 12 47
19 32 5
28 56 44
42 54 24
46 54 49
47 42 44
60 28 25
61 42 44
65 3 1
72 11 36
73 4 54
75 20 29
78 65 61
91 55 38
93 4 54
95 61 10
102 21 32
106 43 66
107 13 32
110 0 42
112 1 47
113 13 2
123 40 7
124 22 21
125 2 18
130 49 21
133 47 20
134 11 48
135 32 53
143 6 15
144 59 58
147 30 38
148 34 33
150 0 53
154 29 28
157 12 18
160 4 54
167 45 46
170 13 58
176 59 66
193 34 33
199 0 59
212 51 60
216 3 9
227 31 21
228 22 6
237 61 59
244 41 64
257 44 52
259 7 40
265 63 24
267 61 59
286 65 29
295 31 4
298 17 13
303 65 54
315 58 62
316 11 6
319 16 11
327 6 41
331 66 2
333 54 31
334 56 24
338 1 20
350 22 37
354 55 38
358 46 2
359 64 41
361 49 45
362 38 5
365 49 37
380 41 64
382 26 11
405 42 47
414 25 9
416 64 49
421 39 51
424 60 10
427 51 3
435 49 6
444 6 5
454 0 53
458 27 6
459 15 43
460 64 42
462 53 6
467 53 66
468 30 1
470 40 63
473 6 41
475 3 9
485 46 2
494 18 2
498 36 40
500 51 60
503 56 66
505 47 7
507 3 36
508 20 51
510 22 21
512 31 16
520 20 55
527 29 60
532 29 60
534 10 26
537 62 27
548 21 5
550 11 32
554 11 36
555 16 56
556 42 19
561 16 7
564 42 44
570 7 63
571 56 36
581 55 32
583 11 36
590 17 49
604 60 63
605 47 38
609 60 56
622 3 9
638 3 9
640 21 50
645 2 18
651 53 61
656 1 25
657 60 7
661 66 19
664 63 29
666 47 0
674 66 56
676 19 23
685 62 4
686 11 15
688 31 56
692 0 61
695 6 11
699 20 63
701 4 24
704 50 32
715 2 46
719 1 49
721 20 54
722 2 46
729 42 12
733 18 10
743 35 60
744 16 1
747 63 40
750 56 35
756 35 47
757 22 11
759 49 58
767 54 45
772 20 56
776 26 11
779 49 13
781 44 24
787 61 0
792 16 15
795 53 32
799 40 7
800 15 56
802 44 61
804 61 0
810 51 56
811 59 61
812 39 15
813 18 46
814 58 62
818 41 58
822 56 65
826 27 36
827 32 13
828 3 56
853 60 56
856 48 11
859 66 22
862 20 35
863 47 61
873 2 18
887 47 52
890 24 54
892 0 35
893 50 5
902 46 2
927 48 11
937 55 1
943 46 2
949 47 34
974 6 64
975 65 51
979 1 4
987 0 10
989 21 53
995 62 60
997 18 2
999 47 57
1003 56 35
1006 0 44
1016 31 50
1029 24 38
1035 66 23
1038 17 13
1040 50 11
1044 9 55
1050 65 42
1052 55 38
1055 20 29
1063 3 55
1072 25 9
1074 3 55
1079 30 31
1083 50 38
1086 60 63
1104 26 42
1115 54 4
1116 21 32
1119 38 21
1121 19 14
1144 46 18
1145 53 32
1155 53 40
1156 42 14
1159 2 32
1160 41 53
1170 53 63
1175 13 45
1181 0 21
1187 41 5
1192 7 44
1196 35 5
1197 40 7
1199 45 13
1200 20 9
1203 5 6
1204 2 18
1209 20 9
1223 44 61
1226 20 3
1228 31 54
1230 37 38
1231 4 31
1236 64 7
1248 24 20
1251 47 35
1259 59 57
1265 40 7
1270 19 57
1272 62 58
1273 60 39
1275 24 38
1276 55 21
1281 64 18
1287 65 32
1293 16 15
1294 20 3
1300 48 11
1309 40 7
1312 50 17
1326 24 20
1329 55 38
1335 20 29
1340 47 14
